what,kind,bundleId,bundleVersion,description,time
executed,command,org.eclipse.ui,3.7.0.I20110602-0100,"org.eclipse.ui.file.properties",1332123786296
activated,editor,org.eclipse.jdt.ui,3.7.0.v20110531-1200,"org.eclipse.jdt.ui.CompilationUnitEditor",1332123791695
activated,view,org.eclipse.jdt.ui,3.7.0.v20110531-1200,"org.eclipse.jdt.ui.PackageExplorer",1332123793130
deactivated,workbench,org.eclipse.ui.workbench,3.7.0.I20110519-0100,"",1332123808232
activated,workbench,org.eclipse.ui.workbench,3.7.0.I20110519-0100,"",1332123858991
executed,command,org.eclipse.ui,3.7.0.I20110602-0100,"org.eclipse.ui.file.export",1332123859039
executed,command,org.eclipse.ui,3.7.0.I20110602-0100,"org.eclipse.ui.file.export",1332123859039
deactivated,workbench,org.eclipse.ui.workbench,3.7.0.I20110519-0100,"",1332123861827
activated,workbench,org.eclipse.ui.workbench,3.7.0.I20110519-0100,"",1332123932783
activated,editor,org.eclipse.jdt.ui,3.7.0.v20110531-1200,"org.eclipse.jdt.ui.CompilationUnitEditor",1332123939651
activated,view,org.eclipse.jdt.ui,3.7.0.v20110531-1200,"org.eclipse.jdt.ui.PackageExplorer",1332123940529
opened,editor,org.eclipse.jdt.ui,3.7.0.v20110531-1200,"org.eclipse.jdt.ui.CompilationUnitEditor",1332123941006
activated,editor,org.eclipse.jdt.ui,3.7.0.v20110531-1200,"org.eclipse.jdt.ui.CompilationUnitEditor",1332123941177
activated,view,org.eclipse.jdt.ui,3.7.0.v20110531-1200,"org.eclipse.jdt.ui.PackageExplorer",1332123941759
deactivated,workbench,org.eclipse.ui.workbench,3.7.0.I20110519-0100,"",1332123943278
activated,workbench,org.eclipse.ui.workbench,3.7.0.I20110519-0100,"",1332123945197
executed,command,org.eclipse.ui,3.7.0.I20110602-0100,"org.eclipse.ui.edit.delete",1332123945258
closed,editor,org.eclipse.jdt.ui,3.7.0.v20110531-1200,"org.eclipse.jdt.ui.CompilationUnitEditor",1332123945297
activated,editor,org.eclipse.jdt.ui,3.7.0.v20110531-1200,"org.eclipse.jdt.ui.CompilationUnitEditor",1332123946689
activated,view,org.eclipse.ui.ide,3.7.0.I20110519-0100,"org.eclipse.ui.views.ProblemView",1332123948946
opened,editor,org.eclipse.jdt.ui,3.7.0.v20110531-1200,"org.eclipse.jdt.ui.CompilationUnitEditor",1332123952399
activated,editor,org.eclipse.jdt.ui,3.7.0.v20110531-1200,"org.eclipse.jdt.ui.CompilationUnitEditor",1332123952462
activated,view,org.eclipse.ui.ide,3.7.0.I20110519-0100,"org.eclipse.ui.views.ProblemView",1332123954295
opened,editor,org.eclipse.jdt.ui,3.7.0.v20110531-1200,"org.eclipse.jdt.ui.CompilationUnitEditor",1332123955982
activated,editor,org.eclipse.jdt.ui,3.7.0.v20110531-1200,"org.eclipse.jdt.ui.CompilationUnitEditor",1332123956047
activated,view,org.eclipse.jdt.ui,3.7.0.v20110531-1200,"org.eclipse.jdt.ui.PackageExplorer",1332123962304
activated,editor,org.eclipse.jdt.ui,3.7.0.v20110531-1200,"org.eclipse.jdt.ui.CompilationUnitEditor",1332123971710
activated,view,org.eclipse.jdt.ui,3.7.0.v20110531-1200,"org.eclipse.jdt.ui.PackageExplorer",1332123974040
executed,command,org.eclipse.jdt.debug.ui,3.6.0.v20110512,"org.eclipse.jdt.debug.ui.localJavaShortcut.run",1332123994050
opened,view,org.eclipse.ui.console,3.5.100.v20110511,"org.eclipse.ui.console.ConsoleView",1332123995175
deactivated,workbench,org.eclipse.ui.workbench,3.7.0.I20110519-0100,"",1332124004716
activated,workbench,org.eclipse.ui.workbench,3.7.0.I20110519-0100,"",1332124038008
executed,command,org.eclipse.ui,3.7.0.I20110602-0100,"org.eclipse.ui.file.properties",1332124038062
started,bundle,org.eclipse.wst.server.core,1.1.302.v20110518,"org.eclipse.wst.server.core",1332124043901
started,bundle,org.eclipse.wst.server.ui,1.1.305.v20110511,"org.eclipse.wst.server.ui",1332124043947
started,bundle,org.eclipse.jst.ejb.ui,1.1.600.v201104261451,"org.eclipse.jst.ejb.ui",1332124044089
started,bundle,org.eclipse.jst.j2ee.ejb,1.1.502.v201105180500,"org.eclipse.jst.j2ee.ejb",1332124044097
executed,command,org.eclipse.wst.server.ui,1.1.305.v20110511,"org.eclipse.wst.server.launchShortcut.run",1332124044191
deactivated,workbench,org.eclipse.ui.workbench,3.7.0.I20110519-0100,"",1332124044268
activated,workbench,org.eclipse.ui.workbench,3.7.0.I20110519-0100,"",1332124045695
activated,view,org.eclipse.ui.console,3.5.100.v20110511,"org.eclipse.ui.console.ConsoleView",1332124058083
activated,view,org.eclipse.jdt.ui,3.7.0.v20110531-1200,"org.eclipse.jdt.ui.PackageExplorer",1332124062249
deactivated,workbench,org.eclipse.ui.workbench,3.7.0.I20110519-0100,"",1332124064265
activated,workbench,org.eclipse.ui.workbench,3.7.0.I20110519-0100,"",1332124083990
executed,command,org.eclipse.ui,3.7.0.I20110602-0100,"org.eclipse.ui.file.properties",1332124084059
deactivated,workbench,org.eclipse.ui.workbench,3.7.0.I20110519-0100,"",1332124099496
activated,workbench,org.eclipse.ui.workbench,3.7.0.I20110519-0100,"",1332124115319
deactivated,workbench,org.eclipse.ui.workbench,3.7.0.I20110519-0100,"",1332124117961
activated,workbench,org.eclipse.ui.workbench,3.7.0.I20110519-0100,"",1332124124876
deactivated,workbench,org.eclipse.ui.workbench,3.7.0.I20110519-0100,"",1332124129404
executed,command,org.eclipse.ui,3.7.0.I20110602-0100,"org.eclipse.ui.edit.paste",1332124135057
activated,workbench,org.eclipse.ui.workbench,3.7.0.I20110519-0100,"",1332124138601
executed,command,org.eclipse.ui,3.7.0.I20110602-0100,"org.eclipse.ui.file.properties",1332124138654
activated,view,org.eclipse.ui.views,3.6.0.I20110412-0800,"org.eclipse.ui.views.ContentOutline",1332124169923
executed,command,org.eclipse.ui,3.7.0.I20110602-0100,"org.eclipse.ui.navigate.collapseAll",1332124170035
executed,command,org.eclipse.ui,3.7.0.I20110602-0100,"org.eclipse.ui.navigate.collapseAll",1332124171291
activated,editor,org.eclipse.jdt.ui,3.7.0.v20110531-1200,"org.eclipse.jdt.ui.CompilationUnitEditor",1332124172652
activated,view,org.eclipse.ui.console,3.5.100.v20110511,"org.eclipse.ui.console.ConsoleView",1332124190171
opened,view,org.eclipse.jdt.ui,3.7.0.v20110531-1200,"org.eclipse.jdt.ui.SourceView",1332124200437
activated,view,org.eclipse.jdt.ui,3.7.0.v20110531-1200,"org.eclipse.jdt.ui.SourceView",1332124200459
started,bundle,org.eclipse.wst.xsl.debug.ui,1.0.200.v201101281837,"org.eclipse.wst.xsl.debug.ui",1332124214460
deactivated,workbench,org.eclipse.ui.workbench,3.7.0.I20110519-0100,"",1332124221977
activated,workbench,org.eclipse.ui.workbench,3.7.0.I20110519-0100,"",1332124228667
activated,editor,org.eclipse.jdt.ui,3.7.0.v20110531-1200,"org.eclipse.jdt.ui.CompilationUnitEditor",1332124229765
deactivated,workbench,org.eclipse.ui.workbench,3.7.0.I20110519-0100,"",1332124235365
activated,workbench,org.eclipse.ui.workbench,3.7.0.I20110519-0100,"",1332124546214
deactivated,workbench,org.eclipse.ui.workbench,3.7.0.I20110519-0100,"",1332124590372
activated,workbench,org.eclipse.ui.workbench,3.7.0.I20110519-0100,"",1332124612507
deactivated,workbench,org.eclipse.ui.workbench,3.7.0.I20110519-0100,"",1332124615784
activated,workbench,org.eclipse.ui.workbench,3.7.0.I20110519-0100,"",1332124619184
deactivated,workbench,org.eclipse.ui.workbench,3.7.0.I20110519-0100,"",1332124621790
activated,workbench,org.eclipse.ui.workbench,3.7.0.I20110519-0100,"",1332124702483
deactivated,workbench,org.eclipse.ui.workbench,3.7.0.I20110519-0100,"",1332124705665
activated,workbench,org.eclipse.ui.workbench,3.7.0.I20110519-0100,"",1332124740857
deactivated,workbench,org.eclipse.ui.workbench,3.7.0.I20110519-0100,"",1332124750190
activated,workbench,org.eclipse.ui.workbench,3.7.0.I20110519-0100,"",1332125006548
deactivated,workbench,org.eclipse.ui.workbench,3.7.0.I20110519-0100,"",1332125078791
activated,workbench,org.eclipse.ui.workbench,3.7.0.I20110519-0100,"",1332125327299
activated,view,org.eclipse.jdt.ui,3.7.0.v20110531-1200,"org.eclipse.jdt.ui.SourceView",1332125328117
opened,editor,org.eclipse.jdt.ui,3.7.0.v20110531-1200,"org.eclipse.jdt.ui.CompilationUnitEditor",1332125339090
activated,editor,org.eclipse.jdt.ui,3.7.0.v20110531-1200,"org.eclipse.jdt.ui.CompilationUnitEditor",1332125339301
executed,command,org.eclipse.jdt.ui,3.7.0.v20110531-1200,"org.eclipse.jdt.ui.edit.text.java.open.editor",1332125339399
activated,editor,org.eclipse.jdt.ui,3.7.0.v20110531-1200,"org.eclipse.jdt.ui.CompilationUnitEditor",1332125357060
activated,editor,org.eclipse.jdt.ui,3.7.0.v20110531-1200,"org.eclipse.jdt.ui.CompilationUnitEditor",1332125362170
closed,editor,org.eclipse.jdt.ui,3.7.0.v20110531-1200,"org.eclipse.jdt.ui.CompilationUnitEditor",1332125362170
activated,editor,org.eclipse.jdt.ui,3.7.0.v20110531-1200,"org.eclipse.jdt.ui.CompilationUnitEditor",1332125364238
deactivated,workbench,org.eclipse.ui.workbench,3.7.0.I20110519-0100,"",1332125369254
activated,workbench,org.eclipse.ui.workbench,3.7.0.I20110519-0100,"",1332125849798
activated,view,org.eclipse.jdt.ui,3.7.0.v20110531-1200,"org.eclipse.jdt.ui.SourceView",1332125850396
activated,editor,org.eclipse.jdt.ui,3.7.0.v20110531-1200,"org.eclipse.jdt.ui.CompilationUnitEditor",1332125874610
activated,view,org.eclipse.jdt.ui,3.7.0.v20110531-1200,"org.eclipse.jdt.ui.SourceView",1332125879741
executed,command,org.eclipse.jdt.ui,3.7.0.v20110531-1200,"org.eclipse.jdt.ui.edit.text.java.open.editor",1332125882732
activated,editor,org.eclipse.jdt.ui,3.7.0.v20110531-1200,"org.eclipse.jdt.ui.CompilationUnitEditor",1332125887697
executed,command,org.eclipse.jdt.ui,3.7.0.v20110531-1200,"org.eclipse.jdt.ui.edit.text.java.open.editor",1332125887759
activated,view,org.eclipse.jdt.ui,3.7.0.v20110531-1200,"org.eclipse.jdt.ui.SourceView",1332125922182
activated,editor,org.eclipse.jdt.ui,3.7.0.v20110531-1200,"org.eclipse.jdt.ui.CompilationUnitEditor",1332125929013
executed,command,org.eclipse.jdt.ui,3.7.0.v20110531-1200,"org.eclipse.jdt.ui.edit.text.java.open.editor",1332125929070
activated,view,org.eclipse.jdt.ui,3.7.0.v20110531-1200,"org.eclipse.jdt.ui.SourceView",1332125932691
activated,editor,org.eclipse.jdt.ui,3.7.0.v20110531-1200,"org.eclipse.jdt.ui.CompilationUnitEditor",1332125933747
executed,command,org.eclipse.jdt.ui,3.7.0.v20110531-1200,"org.eclipse.jdt.ui.edit.text.java.open.editor",1332125933765
activated,view,org.eclipse.jdt.ui,3.7.0.v20110531-1200,"org.eclipse.jdt.ui.SourceView",1332125941771
activated,editor,org.eclipse.jdt.ui,3.7.0.v20110531-1200,"org.eclipse.jdt.ui.CompilationUnitEditor",1332125943245
executed,command,org.eclipse.jdt.ui,3.7.0.v20110531-1200,"org.eclipse.jdt.ui.edit.text.java.open.editor",1332125943265
activated,view,org.eclipse.jdt.ui,3.7.0.v20110531-1200,"org.eclipse.jdt.ui.PackageExplorer",1332125967147
activated,editor,org.eclipse.jdt.ui,3.7.0.v20110531-1200,"org.eclipse.jdt.ui.CompilationUnitEditor",1332125967534
activated,view,org.eclipse.jdt.ui,3.7.0.v20110531-1200,"org.eclipse.jdt.ui.SourceView",1332125970186
activated,editor,org.eclipse.jdt.ui,3.7.0.v20110531-1200,"org.eclipse.jdt.ui.CompilationUnitEditor",1332125998510
deactivated,workbench,org.eclipse.ui.workbench,3.7.0.I20110519-0100,"",1332126009691
activated,workbench,org.eclipse.ui.workbench,3.7.0.I20110519-0100,"",1332126012149
deactivated,workbench,org.eclipse.ui.workbench,3.7.0.I20110519-0100,"",1332126014490
activated,workbench,org.eclipse.ui.workbench,3.7.0.I20110519-0100,"",1332126027015
activated,view,org.eclipse.jdt.ui,3.7.0.v20110531-1200,"org.eclipse.jdt.ui.SourceView",1332126051773
activated,editor,org.eclipse.jdt.ui,3.7.0.v20110531-1200,"org.eclipse.jdt.ui.CompilationUnitEditor",1332126054782
activated,view,org.eclipse.jdt.ui,3.7.0.v20110531-1200,"org.eclipse.jdt.ui.SourceView",1332126060515
activated,view,org.eclipse.jdt.ui,3.7.0.v20110531-1200,"org.eclipse.jdt.ui.PackageExplorer",1332126082824
activated,editor,org.eclipse.jdt.ui,3.7.0.v20110531-1200,"org.eclipse.jdt.ui.CompilationUnitEditor",1332126083177
activated,view,org.eclipse.jdt.ui,3.7.0.v20110531-1200,"org.eclipse.jdt.ui.SourceView",1332126184656
opened,editor,org.eclipse.jdt.ui,3.7.0.v20110531-1200,"org.eclipse.jdt.ui.CompilationUnitEditor",1332126190380
activated,editor,org.eclipse.jdt.ui,3.7.0.v20110531-1200,"org.eclipse.jdt.ui.CompilationUnitEditor",1332126190441
executed,command,org.eclipse.jdt.ui,3.7.0.v20110531-1200,"org.eclipse.jdt.ui.edit.text.java.open.editor",1332126190507
activated,editor,org.eclipse.jdt.ui,3.7.0.v20110531-1200,"org.eclipse.jdt.ui.CompilationUnitEditor",1332126221779
activated,editor,org.eclipse.jdt.ui,3.7.0.v20110531-1200,"org.eclipse.jdt.ui.CompilationUnitEditor",1332126223564
activated,editor,org.eclipse.jdt.ui,3.7.0.v20110531-1200,"org.eclipse.jdt.ui.CompilationUnitEditor",1332126224561
activated,editor,org.eclipse.jdt.ui,3.7.0.v20110531-1200,"org.eclipse.jdt.ui.CompilationUnitEditor",1332126225879
activated,editor,org.eclipse.jdt.ui,3.7.0.v20110531-1200,"org.eclipse.jdt.ui.CompilationUnitEditor",1332126230692
deactivated,workbench,org.eclipse.ui.workbench,3.7.0.I20110519-0100,"",1332126254734
activated,workbench,org.eclipse.ui.workbench,3.7.0.I20110519-0100,"",1332126256197
deactivated,workbench,org.eclipse.ui.workbench,3.7.0.I20110519-0100,"",1332126259118
activated,workbench,org.eclipse.ui.workbench,3.7.0.I20110519-0100,"",1332126287901
activated,view,org.eclipse.jdt.ui,3.7.0.v20110531-1200,"org.eclipse.jdt.ui.SourceView",1332126291376
activated,editor,org.eclipse.jdt.ui,3.7.0.v20110531-1200,"org.eclipse.jdt.ui.CompilationUnitEditor",1332126295149
activated,editor,org.eclipse.jdt.ui,3.7.0.v20110531-1200,"org.eclipse.jdt.ui.CompilationUnitEditor",1332126300515
activated,view,org.eclipse.jdt.ui,3.7.0.v20110531-1200,"org.eclipse.jdt.ui.SourceView",1332126326344
activated,editor,org.eclipse.jdt.ui,3.7.0.v20110531-1200,"org.eclipse.jdt.ui.CompilationUnitEditor",1332126329520
deactivated,workbench,org.eclipse.ui.workbench,3.7.0.I20110519-0100,"",1332126345369
activated,workbench,org.eclipse.ui.workbench,3.7.0.I20110519-0100,"",1332126357899
activated,view,org.eclipse.jdt.ui,3.7.0.v20110531-1200,"org.eclipse.jdt.ui.SourceView",1332126373021
activated,editor,org.eclipse.jdt.ui,3.7.0.v20110531-1200,"org.eclipse.jdt.ui.CompilationUnitEditor",1332126375416
activated,view,org.eclipse.jdt.ui,3.7.0.v20110531-1200,"org.eclipse.jdt.ui.SourceView",1332126379217
opened,editor,org.eclipse.jdt.ui,3.7.0.v20110531-1200,"org.eclipse.jdt.ui.CompilationUnitEditor",1332126382732
activated,editor,org.eclipse.jdt.ui,3.7.0.v20110531-1200,"org.eclipse.jdt.ui.CompilationUnitEditor",1332126382816
executed,command,org.eclipse.jdt.ui,3.7.0.v20110531-1200,"org.eclipse.jdt.ui.edit.text.java.open.editor",1332126382881
activated,editor,org.eclipse.jdt.ui,3.7.0.v20110531-1200,"org.eclipse.jdt.ui.CompilationUnitEditor",1332126396799
activated,editor,org.eclipse.jdt.ui,3.7.0.v20110531-1200,"org.eclipse.jdt.ui.CompilationUnitEditor",1332126399274
activated,editor,org.eclipse.jdt.ui,3.7.0.v20110531-1200,"org.eclipse.jdt.ui.CompilationUnitEditor",1332126403441
activated,editor,org.eclipse.jdt.ui,3.7.0.v20110531-1200,"org.eclipse.jdt.ui.CompilationUnitEditor",1332126453966
deactivated,workbench,org.eclipse.ui.workbench,3.7.0.I20110519-0100,"",1332126465821
activated,workbench,org.eclipse.ui.workbench,3.7.0.I20110519-0100,"",1332126482914
activated,editor,org.eclipse.jdt.ui,3.7.0.v20110531-1200,"org.eclipse.jdt.ui.CompilationUnitEditor",1332126496446
deactivated,workbench,org.eclipse.ui.workbench,3.7.0.I20110519-0100,"",1332127038726
activated,workbench,org.eclipse.ui.workbench,3.7.0.I20110519-0100,"",1332128012392
deactivated,workbench,org.eclipse.ui.workbench,3.7.0.I20110519-0100,"",1332128013922
activated,view,org.eclipse.jdt.ui,3.7.0.v20110531-1200,"org.eclipse.jdt.ui.PackageExplorer",1332130620293
activated,workbench,org.eclipse.ui.workbench,3.7.0.I20110519-0100,"",1332130620418
activated,editor,org.eclipse.jdt.ui,3.7.0.v20110531-1200,"org.eclipse.jdt.ui.CompilationUnitEditor",1332130628382
activated,editor,org.eclipse.jdt.ui,3.7.0.v20110531-1200,"org.eclipse.jdt.ui.CompilationUnitEditor",1332130640287
activated,editor,org.eclipse.jdt.ui,3.7.0.v20110531-1200,"org.eclipse.jdt.ui.CompilationUnitEditor",1332130645768
activated,view,org.eclipse.jdt.ui,3.7.0.v20110531-1200,"org.eclipse.jdt.ui.SourceView",1332130652900
activated,editor,org.eclipse.jdt.ui,3.7.0.v20110531-1200,"org.eclipse.jdt.ui.CompilationUnitEditor",1332130658115
executed,command,org.eclipse.jdt.ui,3.7.0.v20110531-1200,"org.eclipse.jdt.ui.edit.text.java.open.editor",1332130658191
opened,editor,org.eclipse.jdt.ui,3.7.0.v20110531-1200,"org.eclipse.jdt.ui.ClassFileEditor",1332130711080
activated,editor,org.eclipse.jdt.ui,3.7.0.v20110531-1200,"org.eclipse.jdt.ui.ClassFileEditor",1332130711281
executed,command,org.eclipse.jdt.ui,3.7.0.v20110531-1200,"org.eclipse.jdt.ui.edit.text.java.open.editor",1332130711303
activated,editor,org.eclipse.jdt.ui,3.7.0.v20110531-1200,"org.eclipse.jdt.ui.CompilationUnitEditor",1332130723942
closed,editor,org.eclipse.jdt.ui,3.7.0.v20110531-1200,"org.eclipse.jdt.ui.ClassFileEditor",1332130723943
deactivated,workbench,org.eclipse.ui.workbench,3.7.0.I20110519-0100,"",1332130767737
activated,workbench,org.eclipse.ui.workbench,3.7.0.I20110519-0100,"",1332131238200
activated,editor,org.eclipse.jdt.ui,3.7.0.v20110531-1200,"org.eclipse.jdt.ui.CompilationUnitEditor",1332131239168
activated,view,org.eclipse.jdt.ui,3.7.0.v20110531-1200,"org.eclipse.jdt.ui.SourceView",1332131244036
activated,editor,org.eclipse.jdt.ui,3.7.0.v20110531-1200,"org.eclipse.jdt.ui.CompilationUnitEditor",1332131247664
activated,view,org.eclipse.jdt.ui,3.7.0.v20110531-1200,"org.eclipse.jdt.ui.SourceView",1332131249446
activated,editor,org.eclipse.jdt.ui,3.7.0.v20110531-1200,"org.eclipse.jdt.ui.CompilationUnitEditor",1332131254424
activated,view,org.eclipse.jdt.ui,3.7.0.v20110531-1200,"org.eclipse.jdt.ui.SourceView",1332131299760
executed,command,org.eclipse.ui,3.7.0.I20110602-0100,"org.eclipse.ui.edit.copy",1332131302072
deactivated,workbench,org.eclipse.ui.workbench,3.7.0.I20110519-0100,"",1332131303493
activated,workbench,org.eclipse.ui.workbench,3.7.0.I20110519-0100,"",1332131350340
activated,editor,org.eclipse.jdt.ui,3.7.0.v20110531-1200,"org.eclipse.jdt.ui.CompilationUnitEditor",1332131372913
activated,view,org.eclipse.jdt.ui,3.7.0.v20110531-1200,"org.eclipse.jdt.ui.SourceView",1332131459293
activated,editor,org.eclipse.jdt.ui,3.7.0.v20110531-1200,"org.eclipse.jdt.ui.CompilationUnitEditor",1332131466426
activated,editor,org.eclipse.jdt.ui,3.7.0.v20110531-1200,"org.eclipse.jdt.ui.CompilationUnitEditor",1332131505412
activated,editor,org.eclipse.jdt.ui,3.7.0.v20110531-1200,"org.eclipse.jdt.ui.CompilationUnitEditor",1332131517697
activated,view,org.eclipse.jdt.ui,3.7.0.v20110531-1200,"org.eclipse.jdt.ui.SourceView",1332131525358
activated,editor,org.eclipse.jdt.ui,3.7.0.v20110531-1200,"org.eclipse.jdt.ui.CompilationUnitEditor",1332131528209
activated,view,org.eclipse.jdt.ui,3.7.0.v20110531-1200,"org.eclipse.jdt.ui.SourceView",1332131534115
activated,editor,org.eclipse.jdt.ui,3.7.0.v20110531-1200,"org.eclipse.jdt.ui.CompilationUnitEditor",1332131535811
executed,command,org.eclipse.jdt.ui,3.7.0.v20110531-1200,"org.eclipse.jdt.ui.edit.text.java.open.editor",1332131535867
deactivated,workbench,org.eclipse.ui.workbench,3.7.0.I20110519-0100,"",1332131543954
activated,workbench,org.eclipse.ui.workbench,3.7.0.I20110519-0100,"",1332132988846
deactivated,workbench,org.eclipse.ui.workbench,3.7.0.I20110519-0100,"",1332133014004
activated,workbench,org.eclipse.ui.workbench,3.7.0.I20110519-0100,"",1332133056007
deactivated,workbench,org.eclipse.ui.workbench,3.7.0.I20110519-0100,"",1332133109648
activated,workbench,org.eclipse.ui.workbench,3.7.0.I20110519-0100,"",1332133195032
deactivated,workbench,org.eclipse.ui.workbench,3.7.0.I20110519-0100,"",1332133477618
activated,workbench,org.eclipse.ui.workbench,3.7.0.I20110519-0100,"",1332133765255
deactivated,workbench,org.eclipse.ui.workbench,3.7.0.I20110519-0100,"",1332133875523
activated,workbench,org.eclipse.ui.workbench,3.7.0.I20110519-0100,"",1332133909368
deactivated,workbench,org.eclipse.ui.workbench,3.7.0.I20110519-0100,"",1332133916011
activated,workbench,org.eclipse.ui.workbench,3.7.0.I20110519-0100,"",1332133936993
deactivated,workbench,org.eclipse.ui.workbench,3.7.0.I20110519-0100,"",1332133967614
activated,workbench,org.eclipse.ui.workbench,3.7.0.I20110519-0100,"",1332134005120
deactivated,workbench,org.eclipse.ui.workbench,3.7.0.I20110519-0100,"",1332134008703
activated,workbench,org.eclipse.ui.workbench,3.7.0.I20110519-0100,"",1332134066608
deactivated,workbench,org.eclipse.ui.workbench,3.7.0.I20110519-0100,"",1332134067977
activated,workbench,org.eclipse.ui.workbench,3.7.0.I20110519-0100,"",1332134341605
activated,view,org.eclipse.jdt.ui,3.7.0.v20110531-1200,"org.eclipse.jdt.ui.SourceView",1332134341802
no handler,command,org.eclipse.ui,3.7.0.I20110602-0100,"org.eclipse.ui.edit.undo",1332134347827
no handler,command,org.eclipse.ui,3.7.0.I20110602-0100,"org.eclipse.ui.edit.undo",1332134348295
activated,editor,org.eclipse.jdt.ui,3.7.0.v20110531-1200,"org.eclipse.jdt.ui.CompilationUnitEditor",1332134349332
executed,command,org.eclipse.ui,3.7.0.I20110602-0100,"org.eclipse.ui.edit.undo",1332134350023
executed,command,org.eclipse.ui,3.7.0.I20110602-0100,"org.eclipse.ui.edit.undo",1332134350067
deactivated,workbench,org.eclipse.ui.workbench,3.7.0.I20110519-0100,"",1332134391837
activated,workbench,org.eclipse.ui.workbench,3.7.0.I20110519-0100,"",1332134414387
deactivated,workbench,org.eclipse.ui.workbench,3.7.0.I20110519-0100,"",1332134482666
activated,workbench,org.eclipse.ui.workbench,3.7.0.I20110519-0100,"",1332134618581
activated,editor,org.eclipse.jdt.ui,3.7.0.v20110531-1200,"org.eclipse.jdt.ui.CompilationUnitEditor",1332134619400
activated,editor,org.eclipse.jdt.ui,3.7.0.v20110531-1200,"org.eclipse.jdt.ui.CompilationUnitEditor",1332134652191
activated,editor,org.eclipse.jdt.ui,3.7.0.v20110531-1200,"org.eclipse.jdt.ui.CompilationUnitEditor",1332134656555
activated,editor,org.eclipse.jdt.ui,3.7.0.v20110531-1200,"org.eclipse.jdt.ui.CompilationUnitEditor",1332134663435
deactivated,workbench,org.eclipse.ui.workbench,3.7.0.I20110519-0100,"",1332134677982
executed,command,org.eclipse.ui,3.7.0.I20110602-0100,"org.eclipse.ui.edit.findReplace",1332134678035
activated,workbench,org.eclipse.ui.workbench,3.7.0.I20110519-0100,"",1332134685580
activated,editor,org.eclipse.jdt.ui,3.7.0.v20110531-1200,"org.eclipse.jdt.ui.CompilationUnitEditor",1332134689016
activated,view,org.eclipse.jdt.ui,3.7.0.v20110531-1200,"org.eclipse.jdt.ui.SourceView",1332134715464
activated,editor,org.eclipse.jdt.ui,3.7.0.v20110531-1200,"org.eclipse.jdt.ui.CompilationUnitEditor",1332134719704
executed,command,org.eclipse.jdt.ui,3.7.0.v20110531-1200,"org.eclipse.jdt.ui.edit.text.java.open.editor",1332134719761
activated,editor,org.eclipse.jdt.ui,3.7.0.v20110531-1200,"org.eclipse.jdt.ui.CompilationUnitEditor",1332134797162
activated,view,org.eclipse.jdt.ui,3.7.0.v20110531-1200,"org.eclipse.jdt.ui.SourceView",1332134799676
activated,editor,org.eclipse.jdt.ui,3.7.0.v20110531-1200,"org.eclipse.jdt.ui.CompilationUnitEditor",1332134806062
executed,command,org.eclipse.jdt.ui,3.7.0.v20110531-1200,"org.eclipse.jdt.ui.edit.text.java.open.editor",1332134806143
activated,editor,org.eclipse.jdt.ui,3.7.0.v20110531-1200,"org.eclipse.jdt.ui.CompilationUnitEditor",1332134822468
activated,view,org.eclipse.jdt.ui,3.7.0.v20110531-1200,"org.eclipse.jdt.ui.SourceView",1332134846034
activated,editor,org.eclipse.jdt.ui,3.7.0.v20110531-1200,"org.eclipse.jdt.ui.CompilationUnitEditor",1332134849048
activated,editor,org.eclipse.jdt.ui,3.7.0.v20110531-1200,"org.eclipse.jdt.ui.CompilationUnitEditor",1332134882875
activated,editor,org.eclipse.jdt.ui,3.7.0.v20110531-1200,"org.eclipse.jdt.ui.CompilationUnitEditor",1332134885037
activated,editor,org.eclipse.jdt.ui,3.7.0.v20110531-1200,"org.eclipse.jdt.ui.CompilationUnitEditor",1332134902318
activated,editor,org.eclipse.jdt.ui,3.7.0.v20110531-1200,"org.eclipse.jdt.ui.CompilationUnitEditor",1332134908894
activated,view,org.eclipse.jdt.ui,3.7.0.v20110531-1200,"org.eclipse.jdt.ui.SourceView",1332135057603
activated,editor,org.eclipse.jdt.ui,3.7.0.v20110531-1200,"org.eclipse.jdt.ui.CompilationUnitEditor",1332135060074
activated,editor,org.eclipse.jdt.ui,3.7.0.v20110531-1200,"org.eclipse.jdt.ui.CompilationUnitEditor",1332135135423
activated,editor,org.eclipse.jdt.ui,3.7.0.v20110531-1200,"org.eclipse.jdt.ui.CompilationUnitEditor",1332135204461
deactivated,workbench,org.eclipse.ui.workbench,3.7.0.I20110519-0100,"",1332135375264
activated,workbench,org.eclipse.ui.workbench,3.7.0.I20110519-0100,"",1332135936328
deactivated,workbench,org.eclipse.ui.workbench,3.7.0.I20110519-0100,"",1332135953567
activated,workbench,org.eclipse.ui.workbench,3.7.0.I20110519-0100,"",1332137487646
closed,workbench,org.eclipse.ui.workbench,3.7.0.I20110519-0100,"",1332137488580
stopped,bundle,org.eclipse.jst.ws.axis.creation.ui,1.0.700.v201104070312,"org.eclipse.jst.ws.axis.creation.ui",1332137494191
stopped,bundle,org.eclipse.jst.ws.axis.consumption.ui,1.0.505.v201004211805,"org.eclipse.jst.ws.axis.consumption.ui",1332137494241
stopped,bundle,org.eclipse.jst.ws.axis.consumption.core,1.0.407.v201104071820,"org.eclipse.jst.ws.axis.consumption.core",1332137494288
stopped,bundle,org.eclipse.jst.ws.axis2.creation.ui,1.0.104.v201004211805,"org.eclipse.jst.ws.axis2.creation.ui",1332137494332
stopped,bundle,org.eclipse.jst.ws.axis2.consumption.ui,1.0.103.v201004211805,"org.eclipse.jst.ws.axis2.consumption.ui",1332137494367
